1 0.702729 -0.328578
2 -1.24406 0.618353
3 -1.38802 0.512557
4 0.372155 -0.388794
5 1.63184 -0.932196
6 0.484145 0.034483
7 -2.97537 1.2
8 -3.13042 1.03178
9 -0.482758 -0.260816
10 4.10403 -1.2
11 5.07414 -1.2
12 3.14499 -0.630279
13 -0.946166 1.2
14 -2.66404 1.09438
15 -1.1214 -0.186535
16 0.305013 -0.336358
17 -0.183134 0.234222
18 -0.550734 0.313326
19 -0.0829008 -0.0342393
20 0.136249 -0.0975409
21 -0.270056 0.248661
22 -0.312033 0.138874
23 0.0687024 -0.117323
24 0.225821 -0.0677302
25 -0.0241577 0.122735
26 0.0660303 -0.0247005
27 0.307985 -0.120383
28 0.168382 0.00933418
29 -0.215836 0.214531
30 -0.541037 0.256167
31 -0.598398 0.24851
32 0.193235 -0.289994
33 0.460292 -0.158185
34 0.0490123 0.154901
35 0.0460421 0.011963
36 0.174366 -0.0570049
37 0.0493252 0.0457415
38 0.301884 -0.130063
39 0.411922 -0.165629
40 0.267075 -0.0383063
41 0.183218 -0.0381605
42 0.268368 -0.118691
43 0.127317 -0.0146531
44 -0.0714189 0.0665858
45 -0.0145368 -0.0396544
46 -0.0134463 -0.0197258
47 -0.179011 0.0916623
48 -0.134407 0.00741041
49 -0.0127749 -0.0342427
50 -0.0669427 0.0235909
51 -0.0935487 0.023797
52 -0.0428989 -0.0175795
53 -0.0381396 -0.000587123
54 -0.0679272 0.0209663
55 0.00402496 -0.0363088
56 -0.0214659 0.00184124
57 -0.300104 0.184497
58 -0.401426 0.160862
59 0.112178 -0.210687
60 0.0932028 -0.0256407
61 -0.218784 0.178206
62 0.320835 -0.288158
63 0.648718 -0.32539
64 0.177374 0.0921947
65 0.000967712 0.0109787
66 0.207426 -0.158239
67 -0.0955253 0.11285
68 -0.411368 0.220343
69 -0.0151426 -0.0778037
70 0.190082 -0.145662
71 -0.365115 0.294347
72 -0.416116 0.141501
73 0.405647 -0.418608
74 0.149689 -0.0153984
75 -0.75224 0.541107
76 -0.164687 -0.153183
77 0.74511 -0.55381
78 -0.358995 0.489467
79 -1.00939 0.452345
80 0.590532 -0.713236
81 1.11011 -0.513188
82 -1.0567 1.09822
83 -1.93876 0.951952
84 0.772707 -0.675623
85 3.68131 -1.2
86 2.81415 -0.583666
87 2.39751 -0.664312
88 2.04335 -0.620798
89 1.50846 -0.551018
