1 1.20406 0.334505 0
2 -2.69949 0 0.677569
3 -1.89619 0 0.307314
4 -0.815386 0 0.118176
5 -2.21671 0 0.593611
6 -1.03039 0 0.157826
7 -1.18822 0 0.265024
8 -1.93337 0 0.473657
9 -1.15102 0 0.204592
10 -1.41141 0 0.32246
11 -1.75706 0 0.400908
12 -1.18181 0 0.223594
13 -1.42858 0 0.32703
14 -1.63842 0 0.356286
15 -1.37687 0 0.267949
16 -1.43624 0 0.31024
17 -1.57114 0 0.348449
18 -1.31045 0 0.25734
19 -1.5123 0 0.335234
20 -1.48212 0 0.316754
21 -1.33787 0 0.2771
22 -1.53339 0 0.341784
23 -1.42209 0 0.299259
24 -1.39062 0 0.303773
25 -1.46779 0 0.329156
26 -1.36917 0 0.292472
27 -1.41994 0 0.316302
28 -1.43683 0 0.319478
29 -1.35809 0 0.294779
30 -1.44028 0 0.324496
31 -1.40826 0 0.311415
32 -1.36372 0 0.301867
33 -1.44701 0 0.328448
34 -1.36118 0 0.299147
35 -1.38984 0 0.316953
36 -1.39243 0 0.315987
37 -1.3501 0 0.303764
38 -1.39959 0 0.321631
39 -1.3701 0 0.310927
40 -1.35112 0 0.30879
41 -1.38091 0 0.320246
42 -1.33941 0 0.308097
43 -1.35254 0 0.314719
44 -1.36045 0 0.316392
45 -1.33771 0 0.309381
46 -1.35879 0 0.318146
47 -1.34219 0 0.312718
48 -1.33709 0 0.313449
49 -1.34431 0 0.316975
50 -1.32815 0 0.312362
51 -1.33393 0 0.316313
52 -1.32858 0 0.314728
53 -1.32202 0 0.314812
54 -1.32241 0 0.315852
55 -1.31652 0 0.31464
56 -1.31763 0 0.316691
57 -1.31076 0 0.315166
58 -1.31646 0 0.318153
59 -1.3006 0 0.313412
60 -1.31922 0 0.320841
61 -1.29342 0 0.312752
62 -1.31039 0 0.32101
63 -1.31017 0 0.319839
64 -1.28259 0 0.312164
65 -1.30061 0 0.320596
66 -1.28531 0 0.315685
67 -1.28738 0 0.318413
68 -1.28716 0 0.318722
69 -1.27769 0 0.317526
70 -1.26842 0 0.315789
71 -1.2861 0 0.322599
72 -1.26876 0 0.316198
73 -1.26836 0 0.318386
74 -1.30236 0 0.328095
75 -1.22833 0 0.304741
76 -1.33578 0 0.344978
77 -1.20081 0 0.294282
78 -1.3392 0 0.3499
79 -1.2473 0 0.314209
80 -1.20104 0 0.305466
81 -1.38181 0 0.364944
82 -1.10811 0 0.265258
83 -1.47358 0 0.402931
84 -1.21246 0 0.302196
85 -0.316909 0 0.046728
86 -0.549189 0 0.206215
87 -0.829676 0 0.267506
88 -0.61695 0 0.175917
89 -0.697291 0 0.217902
